2082  6.45067  6.61800 
2108  6.62609  7.01516 
2098  6.59923  6.70095 
2133  6.38172  6.65246 
2112  5.50354  6.15526 
2145  6.42980  6.89550 
2155  6.25402  6.49273 
2128  6.64371  6.99664 
2146  6.11624  6.55544 
2125  6.71823  7.04273 
2153  6.70485  6.59250 
2141  6.22720  6.50896 
2119  6.45175  6.76179 
2125  5.94303  6.09921 
2159  6.35873  6.42180 
2178  5.77253  6.63094 
2146  6.51958  7.02552 
2143  6.90003  6.90330 
2122  6.78805  7.06216 
2130  6.19041  6.64187 
2121  5.92510  6.15822 
2129  6.14013  6.57038 
2121  6.09271  6.37050 
2119  6.14962  6.42434 
2112  6.14963  6.44535 
2127  6.35853  6.79721 
2151  5.83485  6.06079 
2142  5.36321  5.99303 
2117  5.99622  6.32771 
2147  5.46596  6.03475 
2141  5.62750  6.04564 
2143  5.75034  6.05522 
2108  5.35548  6.10110 
2106  6.08218  6.45254 
2142  5.86526  6.21614 
2119  5.87978  6.16636 
2150  5.39694  5.97426 
2186  6.40363  6.50630 
2145  5.27501  6.15689 
2127  6.23346  6.20391 
2121  5.87373  6.21368 
2137  6.17368  6.74914 
2132  5.86241  5.85976 
2138  6.27500  6.27579 
2131  5.76827  6.01202 
2127  5.40716  5.77873 
2113  5.81270  6.20350 
2148  6.41852  6.83906 
2168  6.19537  6.44334 
2189  6.05847  6.29881 
2149  6.39010  6.59607 
2179  5.57860  5.99601 
2162  6.13237  6.25198 
2146  5.48257  5.83175 
2153  6.32915  6.20974 
2135  5.71314  5.87972 
2128  6.44130  6.26025 
2123  6.71388  6.43794 
2133  5.94398  6.12921 
2148  5.90402  6.23029 
2184  5.63050  5.88500 
2139  5.98272  6.24870 
2142  5.85311  6.15270 
2132  5.87233  5.97849 
2141  5.91365  6.05141 
2164  5.97822  6.10189 
2133  6.79076  6.78877 
2153  5.16291  5.68088 
2132  6.15509  6.28246 
2144  5.75197  6.08450 
2136  6.20626  6.53554 
2157  6.52935  6.18506 
2121  5.69460  6.15069 
2160  5.92357  6.17826 
2158  6.29689  6.25775 
2118  5.62065  5.94604 
2132  5.57491  6.12468 
2149  5.93815  6.34021 
2136  6.25783  6.41057 
2134  5.80267  5.96616 
2146  5.99214  6.53937 
2152  5.88500  6.16262 
2131  5.67369  6.05629 
2167  5.78683  5.94325 
2174  5.57360  6.01557 
2166  6.02351  6.30280 
2170  5.64515  6.23675 
2148  6.31227  6.59415 
2165  6.33519  6.52719 
2120  5.44218  6.02578 
2147  5.90495  6.41009 
2161  6.19458  6.48898 
2185  6.00518  6.11420 
2134  6.09793  6.45711 
2155  6.03858  6.36227 
2165  6.40705  6.69411 
2129  6.30533  6.37966 
2127  6.37122  6.73761 
2179  5.41941  5.90347 
2134  6.15174  6.38218 
2156  6.11891  6.10379 
2131  6.57665  6.37584 
2166  5.97102  6.43122 
2150  5.72226  6.16551 
2132  6.14233  6.24407 
2152  6.02305  6.19077 
2118  5.87750  6.42004 
2118  6.68243  6.86527 
2130  6.23499  6.53694 
2136  5.33641  6.04620 
2158  6.25695  6.47259 
2161  5.99474  5.92826 
2150  5.68792  6.05426 
2123  6.69937  6.78992 
2137  5.87017  6.19196 
2128  6.02073  6.45823 
2133  6.14873  6.25077 
2120  5.76282  6.21324 
2096  6.31597  6.54423 
2096  6.24005  6.37028 
2093  6.00953  6.42608 
2081  6.30438  6.59900 
2088  6.22032  6.00663 
2060  6.04036  6.10091 
2075  5.79453  6.34338 
2012  6.58797  6.59397 
2029  5.80106  5.95530 
1982  5.63339  5.98400 
2079  6.54943  6.13273 
2146  6.21536  6.16961 
2153  6.03601  5.98221 
2146  6.36690  6.32300 
2187  6.36097  6.30742 
2203  5.23037  5.75371 
2222  6.42900  6.06411 
2169  6.26341  6.73267 
2209  5.92440  6.17551 
2186  6.27922  6.27495 
2201  5.64247  5.74441 
2218  6.09679  6.26661 
2177  6.12486  6.30298 
2183  6.41623  6.37720 
2209  6.09022  6.33750 
2211  6.10235  6.57809 
2209  5.73392  6.28261 
2211  5.64985  5.97453 
2197  6.05805  6.08568 
2207  6.14167  6.38030 
2169  5.58294  5.99806 
2182  6.14718  6.02363 
2162  6.00887  6.14308 
2211  6.40700  6.71887 
2191  6.27451  6.12712 
2179  5.97744  6.11277 
2187  6.23887  6.13347 
2200  5.90670  5.91854 
2208  6.03946  6.12845 
2194  5.94920  5.91524 
2155  5.99403  6.02920 
2201  5.97637  6.01836 
2192  6.04526  5.64518 
2208  6.08284  6.32724 
2195  6.29012  5.94323 
2197  5.89095  5.92098 
2191  6.00642  5.96353 
2176  5.60805  5.45408 
2172  6.25035  6.15150 
2227  6.13887  6.15342 
2164  6.63214  6.34171 
2211  5.94886  6.20689 
2182  5.58366  5.68120 
2206  5.91957  6.08419 
2208  6.11530  6.22832 
2175  5.86027  5.90253 
2206  5.67974  6.14725 
2196  5.89954  6.06160 
2220  5.75467  6.15452 
2176  5.99530  6.14733 
2173  5.97467  6.03908 
2221  6.15949  6.10194 
2196  6.27938  6.25142 
2177  8.59136  8.70006 
2212  9.14052  8.94083 
2223  5.98935  5.96499 
2213  5.79763  6.14627 
2239  5.78391  6.18513 
2176  5.88264  6.06486 
2228  6.18755  6.01810 
2191  6.36878  6.20019 
2237  6.12558  6.06191 
2224  6.00775  6.03908 
2222  6.48678  6.15293 
2189  6.37776  6.35566 
2194  5.87660  6.00647 
2202  6.56267  6.27663 
2205  5.67586  5.84427 
2184  6.73377  6.22448 
2232  6.53147  6.09937 
2216  6.26496  6.03399 
2249  5.85562  5.74578 
2204  5.34260  5.77667 
2235  6.09826  6.13591 
2216  6.19599  6.22985 
2231  6.36238  6.20781 
2227  6.86315  6.43787 
2237  5.70357  5.60830 
2256  5.97412  5.74841 
2244  5.63465  5.73145 
2239  6.01212  6.34857 
2235  5.63354  6.06061 
2266  5.59417  5.87628 
2232  6.11310  6.49965 
2258  6.45712  6.09662 
2275  5.65533  5.93461 
2235  6.34382  6.35545 
2245  5.83275  6.27401 
2212  5.73894  5.64857 
2224  6.16024  6.11290 
2247  5.84462  5.97504 
2278  6.19954  5.94174 
2223  6.05815  5.84261 
2258  6.05186  5.83717 
2248  6.01192  6.06371 
2271  5.43627  6.20130 
2286  6.15721  6.05858 
2274  5.65151  6.03426 
2242  5.40539  5.50115 
2270  6.36603  6.19760 
2247  5.44061  5.55302 
2270  5.63777  6.22082 
2273  6.52965  6.52240 
2286  6.42394  6.17349 
2273  6.46949  6.46457 
2289  6.32230  6.23528 
2304  6.33013  6.36224 
2296  5.55970  5.96426 
2256  6.29237  5.88821 
2289  6.77584  6.42194 
2272  6.09472  5.97721 
2258  6.09103  5.98623 
2259  6.30359  5.91138 
2259  6.38841  6.36659 
2271  5.67856  6.02546 
2270  5.80681  5.98262 
2272  5.23793  5.61370 
2303  5.73018  5.92900 
2247  5.90838  6.11664 
2229  6.08933  5.80906 
2235  5.93009  6.33621 
2180  6.15179  6.07638 
2150  6.26210  6.04398 
2159  5.96092  5.81763 
2126  6.09465  6.22584 
2126  6.36623  6.23842 
2090  5.81534  5.97712 
2071  5.63299  6.09302 
2020  6.18907  6.29507 
2034  6.05161  5.76558 
2054  6.32462  6.36840 
2057  6.36171  6.23386 
2047  6.60087  6.27221 
2076  6.18636  6.44366 
2061  6.86945  6.18796 
2095  6.14485  5.93104 
2051  5.83499  5.98292 
2064  6.37360  5.94649 
2058  6.60516  6.45827 
2043  6.12651  6.00641 
2033  6.40936  5.81452 
2078  6.45931  6.33746 
2060  6.57562  6.35835 
2078  5.94227  6.13414 
2056  5.78292  5.43290 
2065  6.49148  6.07538 
2067  6.04280  5.54179 
2094  6.72917  6.20199 
2074  6.15757  6.15168 
2064  6.66565  6.17998 
2042  6.10267  5.87221 
2079  5.57699  5.70008 
2080  5.85562  5.89501 
2099  6.41407  5.97989 
2104  6.29715  6.11209 
2065  6.33094  6.14543 
2053  6.96069  6.16318 
2092  6.38713  6.12201 
2072  5.78292  5.42360 
2095  6.78664  5.81327 
2055  6.26444  6.23405 
2076  5.86454  5.66867 
2087  6.13679  6.19416 
2076  6.17528  6.01593 
2069  6.12690  5.66709 
2083  6.08691  6.05298 
2066  5.91288  5.57380 
2070  5.90217  6.12625 
2074  6.06575  5.95301 
2074  5.86565  5.66285 
2060  6.43522  5.91900 
2057  6.45390  6.03989 
2086  6.53350  6.28412 
2112  6.09154  6.13844 
2078  6.14068  6.19862 
2029  5.91736  5.66749 
2071  6.21825  6.01910 
2028  8.78327  8.48350 
2094  8.64323  8.50931 
2095  6.36469  5.66719 
2134  6.79612  6.40826 
2053  6.07915  6.06746 
2051  5.98140  5.65696 
2092  6.20849  5.79750 
2079  6.01421  5.72102 
2082  5.43667  5.45479 
2076  7.85961  8.35710 
2078  8.71291  8.51122 
2060  6.04543  5.83713 
2100  5.60400  5.32148 
2086  5.65052  5.68144 
2076  5.69438  5.77867 
2081  6.23384  6.14322 
2059  6.15681  5.94787 
2077  5.63763  5.97414 
2091  6.49334  5.96250 
2079  5.98886  5.99863 
2112  5.91864  5.77304 
2072  6.00780  5.83383 
2079  6.11396  5.96149 
2103  6.04779  6.06955 
2093  6.05689  5.88851 
2121  6.43538  6.11678 
2079  6.18746  6.29822 
2093  6.41321  6.04438 
2100  6.33846  5.81990 
2094  6.18761  5.72432 
2101  6.88578  6.75797 
2127  6.37437  6.30531 
2096  6.34223  6.31864 
2107  6.20508  5.83565 
2139  6.05110  5.95956 
2113  6.06572  5.81603 
2077  5.31624  5.64537 
2098  6.56772  6.14180 
2117  5.46973  5.59282 
2139  6.20016  5.95060 
2118  5.95432  5.74197 
2096  6.36328  6.31639 
2097  6.65011  6.65460 
2114  5.69696  5.94445 
2115  6.29829  6.09073 
2126  6.05899  5.68013 
2138  6.11881  6.21207 
2116  6.30496  5.91167 
2137  6.49362  6.06664 
2127  5.79222  5.33563 
2084  5.94558  5.85960 
2089  6.75139  6.34132 
2158  6.44894  6.05266 
2133  6.00764  5.50196 
2150  5.51689  5.65641 
2100  6.04435  5.89583 
2150  6.36960  6.46532 
2149  6.81912  6.29317 
2120  6.21057  6.25106 
2155  6.09793  5.94541 
2138  5.53166  5.40039 
2130  5.99602  6.04068 
2164  6.14085  6.07004 
2123  6.99829  6.49306 
2134  6.14307  6.12104 
2128  6.54533  6.17511 
2123  6.18714  6.26181 
2104  6.25504  6.09615 
2095  6.02897  5.64084 
2099  6.50464  6.15783 
2107  6.11210  6.01027 
2114  6.00268  5.78257 
2112  5.85656  5.98600 
2086  6.29304  6.13829 
2108  5.69597  6.16706 
2059  5.91453  5.75397 
2043  6.75967  6.37945 
2036  6.55914  5.98770 
2034  6.42681  5.80820 
2194  7.06285  4.51306 
2218  7.16255  4.36186 
2204  7.35509  5.22635 
2174  9.55819  7.97420 
2198  8.72938  6.99007 
2230  5.10208  2.65025 
2212  6.47849  5.19395 
2237  7.04925  5.34530 
2189  9.98720  7.76675 
2220  7.02937  4.40101 
2185  6.49389  4.95065 
2188  6.64894  4.28851 
2199  6.80117  4.30856 
2212  7.03004  5.40897 
2183  7.02030  4.75508 
2238  6.85346  5.01935 
2207  6.24654  4.27888 
2198  6.50993  4.42332 
2195  7.04195  4.65560 
2181  6.98043  4.73379 
2187  7.21182  4.62196 
2193  7.17216  4.17528 
2238  6.87494  4.57764 
2196  7.25800  4.90770 
2191  6.74517  4.57191 
2199  6.57603  4.18338 
2226  6.98989  5.00882 
2210  6.06747  4.31608 
2187  6.57705  4.82584 
2246  6.49960  4.54587 
2207  6.53571  4.25922 
2266  6.49544  4.59793 
2185  6.72985  4.30983 
2232  6.70188  4.68815 
2187  6.81015  4.57320 
2176  6.57452  3.88539 
2190  6.93253  4.31667 
2182  7.29089  4.98813 
2232  6.89499  4.62242 
2198  6.82570  4.27629 
2174  6.76545  4.43090 
2205  6.38117  4.06227 
2207  6.85557  4.66542 
2202  6.00907  3.85077 
2190  6.62237  4.49958 
2189  6.71436  4.04192 
2191  7.21717  4.72412 
2205  6.54569  4.39058 
2158  6.62993  4.29591 
2172  7.11747  4.68705 
2214  6.69128  4.72197 
2194  6.54255  4.14516 
2205  6.35844  4.44522 
2219  6.89377  4.26042 
2201  7.00234  4.58018 
2191  6.75297  4.06095 
2211  6.47374  4.34149 
2210  6.59199  4.14692 
2194  6.75385  4.17111 
2193  6.81835  4.35262 
2190  6.29038  4.11493 
2236  6.81952  4.81077 
2218  6.44818  3.76302 
2195  7.10667  4.95204 
2185  5.96391  3.78809 
2208  6.37827  4.39474 
2232  6.76475  4.46295 
2211  6.68583  4.85567 
2207  6.30562  3.97793 
2236  6.33094  4.28289 
2199  6.43173  4.26582 
2238  6.82090  4.84337 
2219  7.25787  4.79430 
2198  6.88921  4.52225 
2202  6.72007  4.54385 
2214  7.20902  5.18676 
2210  6.89594  4.78581 
2205  6.72372  4.75373 
2219  6.67116  4.24603 
2216  6.69159  4.39746 
2215  6.72262  4.26288 
2201  6.66348  4.27753 
2219  7.37956  5.10315 
2222  6.83437  4.10802 
2233  6.47197  4.31391 
2245  6.81919  4.86219 
2210  6.43566  4.82049 
2233  6.36485  4.30359 
2279  7.61163  5.09135 
2225  7.01775  4.54419 
2219  6.86322  4.61271 
2231  6.98581  4.65531 
2232  7.04148  4.52732 
2234  7.46696  5.06512 
2204  6.64915  4.88905 
2238  6.62886  4.46012 
2242  7.14398  4.90436 
2253  7.30974  5.14964 
2264  6.83031  5.03065 
2257  7.20082  4.61480 
2251  7.51697  4.97879 
2264  6.54966  4.57372 
2234  7.03799  4.82882 
2237  5.93980  4.01345 
2264  6.38677  4.41112 
2225  6.78860  4.14372 
2221  6.89514  4.75966 
2200  7.15639  4.43040 
2223  6.68212  4.47030 
2248  6.63297  4.41197 
2244  6.32936  4.11307 
2217  6.52859  4.82796 
2253  7.00256  4.38303 
2258  6.47083  4.17474 
2239  6.24858  4.55937 
2235  6.59215  4.33930 
2293  7.18302  4.15262 
2217  6.76760  4.54648 
2228  6.99147  4.34947 
2211  6.04563  3.67408 
2225  6.55959  4.08672 
2187  6.70091  4.55249 
2209  5.84408  4.38351 
2181  6.51323  4.24875 
2166  6.27726  4.07882 
2185  6.34194  3.84469 
2161  6.54063  4.59274 
2125  7.29220  5.15020 
2127  6.35844  5.62095 
2128  6.28654  5.56634 
2179  6.33632  5.77055 
2160  6.28766  5.24693 
2149  6.13109  5.41653 
2196  5.90062  5.13134 
2169  6.18060  5.70117 
2216  6.64084  5.85932 
2167  5.86109  5.41644 
2169  6.05249  5.67668 
2183  6.79506  6.00126 
2195  6.37833  5.38324 
2217  5.99721  5.57057 
2226  6.45090  5.62735 
2184  6.10566  5.47889 
2215  5.62733  4.88425 
2204  5.98534  5.25036 
2196  6.12690  5.38899 
2212  5.71601  5.39601 
2180  5.74960  5.27260 
2217  6.31309  5.51352 
2189  6.35844  5.27881 
2187  6.16932  5.24184 
2225  6.01676  5.25017 
2235  5.33735  5.08109 
2195  6.05494  5.34053 
2191  5.62320  4.95169 
2180  5.60551  5.20960 
2199  6.26464  5.85270 
2262  6.16820  5.77526 
2210  5.73931  5.27281 
2214  6.24198  5.43617 
2199  5.89324  4.79032 
2215  5.75215  5.60564 
2213  6.06543  5.64970 
2237  6.01406  5.70106 
2232  6.10860  5.49250 
2250  6.26225  5.27964 
2207  6.44080  5.55976 
2226  6.47587  5.45262 
2208  6.08689  5.56628 
2206  5.79181  5.39616 
2217  5.57016  5.26393 
2201  5.74011  5.28478 
2211  6.00775  5.62017 
2210  6.14096  5.44745 
2233  6.39635  5.49562 
2228  6.21823  5.29622 
2232  5.75438  5.15951 
2209  5.28537  5.07139 
2226  6.45844  5.18770 
2206  5.34066  4.97585 
2204  5.78685  5.15038 
2236  6.20360  5.65008 
2195  5.41712  4.56895 
2237  5.29921  5.03730 
2230  6.26559  5.72640 
2278  6.31327  5.76869 
2221  6.06060  5.24689 
2263  6.31169  5.38399 
2231  6.70127  5.71146 
2215  6.26795  5.31424 
2235  6.01008  5.34899 
2238  5.55353  5.14777 
2265  5.92233  5.50685 
2224  6.05615  4.81820 
2252  5.87189  5.03636 
2213  5.95915  5.29650 
2191  6.37084  5.35066 
2198  5.94710  5.33476 
2235  6.46641  5.68823 
2225  5.86027  4.97482 
2262  6.44251  5.82270 
2238  5.60409  5.26430 
2267  5.98231  5.59726 
2229  6.13197  5.37600 
2247  6.22717  5.65928 
2277  5.19031  5.17945 
2279  5.55048  5.11325 
2248  5.87561  5.26697 
2273  6.25760  5.36420 
2298  5.85858  4.97934 
2274  5.40046  5.36574 
2276  5.91416  5.56867 
2277  6.23158  5.56542 
2262  6.03550  5.39915 
2238  6.01544  5.34902 
2286  6.36578  5.70088 
2255  6.42572  5.75365 
2283  6.16491  5.53955 
2244  6.26562  5.56261 
2260  6.03347  5.36922 
2269  5.98485  5.42040 
2262  5.79493  5.19063 
2293  6.11063  5.52157 
2313  5.76299  5.03698 
2316  6.07272  5.44361 
2289  6.42728  5.73714 
2287  6.05695  5.23118 
2267  6.28288  5.83575 
2315  6.28896  5.36395 
2304  5.98856  5.24760 
2248  5.52354  4.93765 
2283  6.51071  5.64255 
2315  6.43294  5.70449 
2265  5.49702  5.07849 
2300  6.23440  5.81671 
2283  5.99653  5.35215 
2290  5.91005  5.54203 
2301  6.08575  5.48204 
2288  5.96680  5.24893 
2310  6.68262  5.96494 
2298  5.80709  5.32916 
2301  5.57765  5.29092 
2274  5.82806  5.14544 
2285  6.41737  5.61771 
2234  5.83477  5.21442 
2274  6.16395  5.43408 
2240  5.30571  4.84216 
2260  6.05249  5.33091 
2192  6.55442  5.50873 
2211  6.03340  5.56038 
2197  6.04344  5.23186 
2189  5.73680  5.20877 
2173  5.99438  5.55047 
2175  5.51082  5.05321 
2147  6.27526  5.61125 
2137  6.21063  5.43673 
2143  6.14243  5.11670 
2179  6.64070  0.00000 
2205  5.97853  5.05191 
2191  6.46400  5.18482 
2277  6.33555  5.52866 
2215  5.97771  5.31094 
2208  6.41092  5.53111 
2227  6.47417  5.44720 
2195  6.21027  4.83635 
2257  6.22720  5.36710 
2243  6.10155  5.59552 
2228  5.97584  4.67652 
2254  6.30843  5.30789 
2252  6.37366  5.32361 
2231  6.59861  5.62746 
2239  6.19879  5.46538 
2216  5.82827  5.44899 
2202  7.26118  6.08115 
2198  6.84803  5.74848 
2216  5.78081  5.15253 
2247  6.35988  5.30134 
2237  6.01345  5.09625 
2235  6.08932  5.45665 
2226  5.73488  4.71808 
2214  6.33725  5.05148 
2257  6.26680  5.32286 
2268  6.07432  5.28035 
2218  6.13509  5.31091 
2226  6.43337  5.66143 
2216  6.21618  5.28176 
2241  6.77174  5.55556 
2254  6.29997  5.32886 
2236  6.52402  5.54526 
2221  6.40907  5.45387 
2237  5.81787  5.02752 
2232  5.91398  5.03792 
2226  6.22104  5.14317 
2262  6.18174  4.76144 
2241  5.78272  5.21278 
2224  5.97638  5.22762 
2241  5.80828  5.24154 
2260  6.31680  5.09430 
2214  6.43338  5.32538 
2249  6.30448  5.04880 
2215  6.18379  4.92485 
2232  6.12899  5.00530 
2295  6.80529  5.27976 
2243  6.28318  5.32814 
2260  6.41273  5.33513 
2260  6.32112  5.14401 
2291  6.03164  4.73654 
2224  6.99598  5.86599 
2221  5.96267  4.88834 
2211  6.05545  4.95749 
2256  6.41960  5.35240 
2249  5.84659  5.16800 
2287  5.95709  4.38571 
2231  5.86031  5.00627 
2265  6.51957  5.49790 
2239  5.89392  5.14840 
2283  6.68005  5.26142 
2263  7.42615  6.16427 
2268  6.25933  5.31303 
2247  6.46849  5.12559 
2273  5.91428  5.06825 
2243  5.95819  5.28755 
2261  6.12808  4.72426 
2223  6.65115  5.79429 
2285  5.96454  4.91486 
2250  6.13135  5.02852 
2211  6.05353  5.30134 
2245  5.95531  5.22564 
2288  6.13868  4.59562 
2245  5.89324  5.24810 
2284  6.20169  5.10404 
2277  6.17666  5.28495 
2274  6.06353  4.68943 
2250  6.16277  4.93790 
2231  5.80157  4.56291 
2267  6.28552  5.22018 
2278  6.30769  5.46837 
2288  6.77256  5.32275 
2300  6.66593  5.78707 
2267  6.20902  5.06434 
2315  6.28824  5.11517 
2306  5.94948  5.29801 
2290  6.14386  4.84439 
2280  6.12850  5.01096 
2299  6.38381  5.30828 
2287  6.21027  5.02208 
2287  6.29357  4.99705 
2265  5.85249  4.98773 
2254  6.48633  5.15533 
2292  6.34966  5.41155 
2259  6.57792  5.65928 
2278  6.43433  5.22672 
2265  6.22904  5.11801 
2313  5.60821  4.50796 
2295  6.12008  5.65237 
2302  5.73791  4.89277 
2307  6.29447  5.48082 
2321  6.34224  4.83306 
2287  6.30618  4.46776 
2324  6.47185  5.25686 
2290  6.85728  5.69358 
2312  6.67424  5.83512 
2321  6.36796  5.18793 
2292  6.76873  5.64576 
2350  6.31929  4.80006 
2336  6.46697  5.29370 
2275  6.25792  5.19430 
2311  5.89096  4.57831 
2287  6.25710  4.85249 
2284  6.71823  5.57778 
2260  6.49131  5.27838 
2277  6.22519  5.52071 
2302  5.66592  4.56672 
2306  6.04591  5.09881 
2286  6.37853  5.31955 
2271  5.62756  4.99513 
2271  5.84190  5.14139 
2245  5.74544  5.14434 
2234  5.70711  4.99380 
2255  5.88042  4.55135 
2220  6.93057  5.92198 
2168  6.10100  5.09368 
2204  5.25455  4.91567 
2170  6.84437  5.68905 
1996  5.47553  0.00000 
1990  4.93186  0.00000 
1996  5.24715  0.00000 
2036  5.23004  0.00000 
2026  5.43768  0.00000 
2049  8.41223  0.00000 
2064  7.31151  0.00000 
2074  5.59939  0.00000 
2075  4.87241  0.00000 
2072  5.22080  0.00000 
2067  5.17294  4.49962 
2075  5.13193  4.91314 
2067  5.77699  5.11963 
2075  4.92812  4.93435 
2053  4.94137  4.50421 
2082  5.20271  5.21870 
2071  5.30571  4.82797 
2081  4.83318  4.84906 
2084  4.65151  4.90808 
2053  5.17351  4.82563 
2096  5.53196  5.23547 
2075  4.69552  4.70201 
2081  5.07256  5.15129 
2075  5.43436  5.22787 
2094  5.18861  4.86910 
2109  4.73383  4.82290 
2115  5.18521  4.99106 
2118  4.80804  4.60284 
2101  5.23986  4.99626 
2119  5.13413  4.67468 
2110  4.66521  4.68850 
2101  5.76759  5.66293 
2092  7.07803  6.93834 
2103  5.46471  5.14127 
2107  4.46309  4.62490 
2129  5.32988  5.00185 
2096  5.51643  5.09415 
2082  4.23877  4.25840 
2094  5.34563  5.00318 
2091  4.93775  4.63028 
2063  5.00998  4.83495 
2073  5.30039  5.30415 
2077  4.79889  4.97473 
2076  5.15116  4.90186 
2087  5.16231  4.86417 
2092  5.16398  4.42045 
2082  4.66211  4.43198 
2074  5.17880  4.92832 
2079  4.64668  4.79623 
2087  5.01913  4.91268 
2135  5.05252  4.49989 
2100  5.16759  4.68316 
2115  4.71911  4.78420 
2130  4.97031  4.68666 
2101  5.13846  4.72140 
2127  4.95513  4.30717 
2120  4.97264  4.49803 
2127  6.17969  5.64412 
2102  4.66345  4.39020 
2134  5.57956  5.08292 
2124  5.31047  4.84232 
2110  4.41718  4.54935 
2134  6.07814  5.56785 
2125  4.40983  4.04026 
2105  4.66627  4.39846 
2109  4.38846  4.37497 
2113  4.65356  4.57774 
2116  4.52226  4.52007 
2117  4.40010  4.28741 
2169  4.95728  5.02571 
2144  4.96221  4.73053 
2133  5.41003  4.99398 
2161  5.41169  5.03267 
2146  4.87716  5.01227 
2144  4.61721  4.72229 
2137  5.34594  4.89689 
2140  4.69967  4.52020 
2120  5.30833  4.76700 
2119  5.06045  4.73248 
2104  5.15080  5.06951 
2131  5.23723  5.00121 
2134  5.81057  5.33647 
2149  5.41659  5.05450 
2153  4.89135  4.42042 
2140  5.03674  4.66615 
2122  4.67462  4.20823 
2124  5.26494  4.89234 
2115  4.46870  4.35439 
2115  4.76278  4.55163 
2121  5.11340  4.51392 
2130  5.72711  5.11687 
2116  4.71911  4.47041 
2169  4.99916  4.90475 
2159  5.03714  4.69415 
2172  4.87980  4.78676 
2168  4.98335  4.82029 
2162  5.58289  4.96345 
2168  5.18417  4.76375 
2155  5.20271  4.59314 
2163  5.35359  5.06952 
2189  5.29438  4.98187 
2151  4.81673  4.22101 
2189  4.91818  4.47323 
2204  4.89756  4.51038 
2224  5.73992  5.25784 
2198  5.45072  5.00149 
2200  5.49006  5.04622 
2191  5.07669  4.71950 
2177  5.21887  5.04333 
2216  5.36605  5.22096 
2224  5.16190  4.65374 
2209  4.59833  4.63133 
2202  4.76671  4.85522 
2186  5.06197  0.00000 
2174  4.61142  0.00000 
2182  4.98664  0.00000 
2208  5.33238  5.26888 
2195  5.23391  4.79422 
2213  5.34365  5.13139 
2182  4.90441  4.40551 
2187  5.61937  5.10695 
2178  4.87182  4.78751 
2144  5.61476  5.32058 
2150  5.24764  5.10110 
2152  5.70040  5.14612 
2142  5.09305  4.96321 
2104  4.60854  4.33509 
1989  5.60002  5.22412 
1929  5.39411  4.27422 
1959  5.24513  3.86583 
2003  5.33038  3.70502 
2015  5.14925  3.47917 
2004  5.01244  3.65271 
2032  5.90255  4.06003 
2051  5.04297  3.48784 
2045  5.22274  3.78945 
2058  5.30556  3.68173 
2061  5.28860  3.74336 
2074  5.31032  3.35772 
2077  4.72671  3.20178 
2076  4.93612  3.59511 
2087  5.09370  3.15149 
2088  4.75696  2.97892 
2096  5.24409  3.43070 
2073  4.58586  2.99331 
2090  5.36532  3.38607 
2120  5.28575  2.97836 
2109  4.48689  2.57432 
2106  4.90535  2.93794 
2095  5.18208  3.47834 
2111  4.99304  3.23245 
2088  4.91304  3.06827 
2106  4.75323  3.06984 
2077  5.03087  3.26084 
2111  4.81768  3.31517 
2099  5.58988  3.31603 
2091  5.19771  3.11336 
2093  5.23070  2.84372 
2119  5.08049  3.35768 
2082  5.19973  3.60343 
2066  5.12087  2.59739 
2060  5.18512  2.72709 
2079  5.42060  3.61672 
2095  5.41749  3.27368 
2101  5.60865  3.39421 
2093  5.13004  2.94299 
2073  4.99010  2.64793 
2093  5.32092  2.89705 
2107  4.64653  2.78759 
2110  4.46761  2.84054 
2085  5.06607  3.30997 
2074  4.90272  2.84285 
2071  5.02610  2.94523 
2122  5.19656  3.08952 
2092  4.82046  2.80151 
2098  4.77913  2.47942 
2089  4.89969  2.39220 
2104  5.30770  3.28774 
2090  4.72173  1.83338 
2075  4.79284  2.76699 
2097  5.23681  3.46636 
2070  3.03972  2.02832 
2077  4.37379  2.65293 
2086  4.64266  2.48811 
2107  4.66128  2.75406 
2091  5.21725  2.98804 
2099  5.19907  3.16411 
2077  4.86156  3.25187 
2105  4.77357  3.04902 
2095  5.24479  2.92400 
2098  5.92491  3.63861 
2101  5.33256  2.91557 
2111  5.34013  3.47791 
2120  5.16984  3.04522 
2104  5.07791  2.72962 
2087  4.96653  3.15392 
2109  4.84922  3.06012 
2112  4.40204  2.96166 
2121  5.32813  2.94467 
2144  4.48013  2.32868 
2112  5.04167  3.25680 
2127  5.80628  3.65002 
2145  4.57904  2.75833 
2123  4.91127  2.58006 
2120  4.89063  2.78543 
2120  4.95628  2.78543 
2121  4.89116  2.54332 
2123  5.12232  2.90720 
2097  3.21606  2.58252 
2116  4.43654  2.60254 
2111  4.32413  2.60768 
2124  5.06026  2.28652 
2143  4.68669  2.82288 
2164  4.79820  2.31046 
2128  5.06783  2.97353 
2146  4.33773  2.33518 
2151  5.12333  2.82494 
2132  5.43278  3.60248 
2127  5.19388  2.50195 
2113  4.54972  2.96585 
2123  5.68820  3.59891 
2197  5.05421  2.77635 
2190  4.96674  2.06753 
2181  4.62085  2.13547 
2151  5.58069  3.49702 
2155  5.24855  3.04317 
2165  5.48476  3.07980 
2183  5.14479  2.72119 
2165  5.03124  2.98647 
2160  5.38724  2.96185 
2178  3.98917  1.91320 
2177  4.66127  2.29685 
2200  5.21652  3.36092 
2190  5.40085  2.48868 
2203  4.97263  2.67992 
2191  5.43226  3.37258 
2206  5.38508  3.08256 
2195  5.03912  1.91899 
2209  5.03699  3.32148 
2210  5.33172  3.62134 
2198  5.51689  3.59372 
2206  4.71395  2.75153 
2192  4.98822  2.26483 
2216  5.74698  3.58279 
2206  5.56752  4.04303 
2212  5.07308  2.85506 
2214  4.65642  3.09557 
2213  5.03667  2.60903 
2224  5.14349  2.42956 
2200  5.10889  2.98264 
2169  5.29911  3.31983 
2157  5.69302  3.44292 
2133  5.30379  2.83433 
2144  5.05113  3.24708 
2134  5.35975  3.09826 
2032  5.82796  4.15043 
1983  5.01602  4.41179 
2042  5.03221  4.41771 
2008  5.43858  4.94786 
2037  5.85294  4.95782 
2057  5.09920  4.26917 
2054  5.79907  5.08514 
2060  5.14044  4.71162 
2047  5.55107  5.03193 
2072  5.34968  4.59761 
2076  5.20409  4.84487 
2088  5.50643  4.70499 
2106  5.49510  4.72134 
2111  5.01171  4.33762 
2118  4.98544  4.45791 
2081  4.82435  4.32035 
2107  5.00027  4.68441 
2117  5.10044  4.62148 
2138  5.28605  4.61595 
2114  4.65944  4.32146 
2117  4.96635  4.47290 
2076  5.10979  4.77742 
2081  5.31977  5.03064 
2099  5.13815  4.34014 
2097  5.67702  4.83489 
2095  6.02398  5.04995 
2069  5.06178  4.18338 
2118  4.94456  4.48483 
2114  4.58954  4.39562 
2119  4.96443  4.24803 
2097  5.30167  4.42473 
2080  5.12144  4.39990 
2082  4.69489  4.13598 
2096  5.38678  4.30705 
2093  5.08800  4.35716 
2116  4.78340  4.23115 
2098  5.10388  4.41112 
2123  4.84612  4.06877 
2110  4.98068  4.41329 
2092  5.38943  4.42254 
2104  5.44173  0.00000 
2099  5.58820  4.76370 
2098  5.44533  4.73428 
2112  5.11457  4.59874 
2115  4.82789  0.00000 
2106  5.19938  4.48306 
2106  4.91204  4.18511 
2122  5.24886  4.24689 
2103  5.19799  4.62420 
2094  5.25128  4.40212 
2112  5.21241  4.60298 
2104  5.15609  4.75026 
2116  4.75460  4.34990 
2121  5.49435  4.51125 
2134  5.49803  4.85795 
2119  5.04858  4.66881 
2112  5.15133  4.84398 
2130  5.09379  4.39619 
2135  5.57191  4.94130 
2109  4.91067  4.10454 
2122  5.15573  4.46936 
2095  5.43808  4.48083 
2113  4.73113  4.36198 
2117  5.31570  4.61920 
2117  4.71157  4.30243 
2130  5.16972  4.48397 
2100  5.24998  4.28714 
2100  5.19736  4.26059 
2137  5.23556  4.80004 
2116  5.34838  4.89386 
2100  5.80596  4.54393 
2109  5.54106  0.00000 
2120  5.42887  4.57503 
2118  5.16915  4.76523 
2135  5.04027  4.72543 
2122  5.21969  4.54315 
2156  4.98196  4.40936 
2137  5.21626  4.74502 
2147  4.72234  4.15494 
2159  5.62617  4.89989 
2143  5.17959  4.70331 
2159  5.54028  4.80088 
2156  5.52579  4.88506 
2158  5.16744  4.43908 
2172  5.18692  4.55770 
2172  4.41159  4.02971 
2152  5.19445  4.39887 
2151  5.21494  3.75109 
2168  5.38902  4.78746 
2189  5.40583  4.56877 
2172  4.83090  4.44877 
2167  5.20748  4.32847 
2155  5.13389  4.40058 
2154  5.65677  4.80311 
2166  5.48230  4.76664 
2146  5.25243  4.85001 
2193  5.23819  4.44164 
2186  5.39980  4.66739 
2210  5.31055  4.59406 
2188  5.06213  4.19542 
2181  5.10388  4.49633 
2184  5.45705  4.40627 
2169  5.42929  4.83243 
2181  5.16887  4.46281 
2181  5.49341  4.93402 
2160  5.24249  4.11418 
2180  4.95077  4.54081 
2171  5.34434  4.52690 
2150  5.02987  4.50086 
2188  5.61949  4.61445 
2184  5.10667  4.12384 
2177  5.13127  4.52862 
2176  5.20879  4.98672 
2172  5.04888  4.36300 
2182  5.30386  4.58286 
2207  5.44687  4.91883 
2191  5.28728  4.39074 
2199  5.34405  5.00402 
2206  5.65290  5.05104 
2229  5.64190  4.90446 
2208  5.53460  4.81834 
2238  5.20160  4.70852 
2219  5.65403  4.92034 
2207  5.24035  4.61955 
2185  5.22885  4.50482 
2154  5.54829  4.70926 
2169  5.39562  4.48093 
2140  5.57034  4.70387 
2017  3.76316  3.31773 
2038  5.95955  4.62990 
2074  5.69310  4.48314 
2099  5.93721  4.92499 
2078  5.52986  4.82092 
2082  5.97512  4.85735 
2096  5.83831  4.75130 
2098  5.87125  4.50240 
2067  5.84987  4.39466 
2105  5.25718  4.80787 
2095  5.62459  5.12954 
2085  5.23941  4.69295 
2083  4.93086  4.20321 
2081  5.82883  5.11143 
2075  5.43070  4.65011 
2089  5.52445  4.43746 
2078  5.60341  4.70303 
2087  5.39972  4.58648 
2056  5.12637  4.51301 
2053  5.15199  4.41492 
2052  5.28316  4.42990 
2058  5.39955  4.31454 
2069  4.95554  4.31688 
2064  5.32690  4.41159 
2081  5.05161  4.28282 
2057  5.25499  4.29310 
2083  5.33172  4.90289 
2073  5.39936  4.76210 
2071  5.38902  4.25946 
2075  5.29907  4.60127 
2070  5.64382  4.51545 
2067  5.90237  4.64692 
2067  5.92941  4.57325 
2069  5.38945  4.34648 
2038  5.53242  4.06899 
2058  5.54719  4.67414 
2067  5.53100  4.46309 
2049  5.14382  4.67567 
2072  5.28753  4.08713 
2054  4.86352  4.18218 
2046  5.36182  4.62657 
2052  5.85562  4.59528 
2066  5.66810  4.56651 
2051  5.30709  4.34991 
2057  5.67831  4.62990 
2069  5.96161  4.49625 
2067  5.48960  3.98987 
2058  4.93393  3.96580 
2058  5.86175  4.74369 
2071  5.62854  4.62938 
2086  5.37225  4.45027 
2102  5.81187  4.47508 
2085  5.44634  4.21167 
2066  5.69560  4.38456 
2080  5.69240  4.72700 
2064  6.10181  4.35348 
2069  5.94557  4.17705 
2088  5.59198  4.45498 
2076  5.35155  4.22448 
2102  5.22479  4.13573 
2096  5.46630  4.05694 
2085  5.49279  4.34635 
2093  6.51759  4.83388 
2093  3.66632  3.61703 
2065  3.78977  4.16828 
2066  5.37003  3.86910 
2080  6.75093  5.21047 
2098  5.74405  4.58826 
2078  5.07195  4.46755 
2086  5.43182  4.33683 
2088  5.30846  4.05290 
2092  5.30525  4.22323 
2100  5.69597  4.26270 
2093  5.51347  4.32982 
2070  5.65913  4.57030 
2080  5.17958  4.36682 
2081  5.24280  4.64566 
2092  5.91046  4.41042 
2104  5.60051  4.22444 
2064  5.65923  4.42009 
2095  5.62097  4.23029 
2099  5.54655  4.33358 
2091  5.42263  4.26084 
2113  5.43194  4.62268 
2110  5.50073  4.47124 
2120  5.10624  3.90918 
2085  5.36845  4.34225 
2101  5.61833  4.41371 
2110  5.16903  4.54583 
2123  5.63598  4.52858 
2088  5.57312  4.88161 
2081  5.31263  4.37239 
2099  5.72949  4.11765 
2100  5.87125  4.83881 
2104  5.19995  4.01100 
2091  5.28707  4.28213 
2094  5.52634  4.37750 
2083  4.92627  4.15995 
2125  5.55992  4.31451 
2107  5.39545  4.64625 
2108  5.66199  5.04297 
2096  5.82981  4.31347 
2084  5.37943  4.24616 
2125  5.34445  4.18952 
2099  5.85196  4.61420 
2108  5.42957  4.50436 
2115  5.89124  4.68061 
2101  5.45566  4.08713 
2095  5.79646  4.38418 
2087  6.07591  4.79184 
2098  6.19843  4.58508 
2084  5.17131  4.48013 
2059  5.34634  4.35502 
2062  5.02251  4.16807 
2084  5.12828  4.50015 
2065  5.29426  4.17943 
2048  5.48721  4.61878 
2067  5.66845  4.83527 
2066  5.92287  4.87624 
2024  5.61743  4.55783 
2007  5.52993  3.97973 
2021  5.67500  4.57403 
2004  6.73967  4.93455 
1974  4.28805  3.91317 
1985  5.02912  4.18147 
1974  6.30222  4.34719 
1941  5.86760  4.62746 
1942  5.51645  4.04791 
1983  6.79869  5.02314 
2017  5.60101  4.90739 
2049  5.73288  4.80884 
2047  5.33118  4.65176 
2041  5.52796  0.00000 
2047  5.20718  4.32636 
2061  5.79794  4.27355 
2050  5.78552  4.76553 
2054  5.32482  4.32929 
2047  5.99923  4.59769 
2060  6.06734  4.52927 
2052  5.19801  4.25536 
2046  5.13779  4.09244 
2024  5.79951  4.39380 
2051  5.91212  4.57344 
2047  5.62254  4.43424 
2037  5.47425  4.43552 
2055  5.65742  4.89567 
2068  5.75353  4.40649 
2074  5.22197  3.91222 
2061  5.30939  4.42669 
2065  5.68750  4.21975 
2046  5.51310  4.41081 
2069  5.70080  4.40561 
2062  5.70677  4.33501 
2060  5.65317  4.23173 
2059  5.45556  4.68127 
2058  5.79460  4.42884 
2048  5.41591  4.20284 
2060  5.64840  4.30326 
2059  5.46791  4.06802 
2049  5.29428  3.75321 
2065  5.62799  4.10076 
2060  6.15256  4.46533 
2051  5.24066  4.24020 
2069  5.71339  4.46063 
2044  5.50549  4.14589 
2052  5.79826  4.73869 
2059  6.02555  4.21793 
2072  5.78821  4.20863 
2058  5.91195  4.58265 
2059  5.61732  4.11340 
2057  5.70198  4.16045 
2077  5.74603  4.39394 
2075  5.74306  4.28928 
2062  5.49702  4.01515 
2067  5.47102  4.15417 
2061  5.51596  4.12445 
2053  5.72162  4.53706 
2062  5.64642  3.93769 
2072  5.66623  4.34767 
2074  5.66979  4.45404 
2073  5.80681  4.30927 
2059  5.75021  4.13861 
2066  5.35601  4.08312 
2059  5.95295  4.55901 
2045  5.54536  4.52639 
2062  5.45985  4.12089 
2078  5.16960  4.22349 
2056  5.45031  4.36327 
2066  6.03141  4.70437 
2062  5.76648  4.29984 
2041  5.62003  4.49286 
2064  5.87754  0.00000 
2073  5.47415  4.24738 
2062  5.93455  4.48815 
2074  5.73888  4.17314 
2059  5.93785  4.61074 
2075  5.98086  4.31354 
2078  5.62835  4.45775 
2086  5.62581  0.00000 
2076  5.55625  4.37607 
2099  5.94472  4.63602 
2088  5.80489  0.00000 
2090  5.82974  4.34087 
2080  5.22337  4.00684 
2084  5.34503  4.26364 
2034  5.73250  4.59021 
2072  5.52102  4.38660 
2101  5.29807  3.89035 
2102  5.67608  4.23734 
2070  5.76767  4.19242 
2085  5.45873  4.13730 
2083  5.47872  4.54079 
2061  5.62821  4.34755 
2081  5.02543  4.11177 
2069  5.45217  4.34990 
2083  5.36020  4.24789 
2082  5.81186  4.46265 
2083  5.27701  4.22039 
2083  5.42573  4.40594 
2062  5.53773  4.26209 
2076  5.29593  4.27441 
2100  5.65482  4.43964 
2096  5.45628  4.35002 
2077  5.48808  4.32436 
2071  5.51548  4.27009 
2127  5.83628  4.26738 
2083  5.68850  4.25637 
2086  5.72162  4.36053 
2098  6.28552  4.80601 
2067  5.44907  4.12629 
2103  5.67039  4.44749 
2083  5.75023  4.41281 
2078  5.72901  4.62006 
2086  5.60723  4.21310 
2088  5.63755  4.27946 
2099  6.05507  4.46203 
2061  5.58760  4.17867 
2072  5.65509  4.22127 
2105  5.61725  4.51719 
2114  5.16125  4.47144 
2083  5.46052  4.22451 
2090  6.72772  5.48624 
2079  4.87316  4.43528 
2060  5.63335  4.05177 
2045  5.58737  4.36105 
2046  4.87116  3.96244 
2051  5.56262  4.41470 
2028  5.84456  4.24957 
2029  5.59417  4.09888 
2033  5.64840  4.07506 
2026  5.71456  4.87187 
1972  5.53952  4.08317 
1962  5.54984  4.26170 
1952  5.50726  4.39900 
1925  4.99647  4.07310 
1922  5.17925  4.11697 
1942  5.98634  4.68731 
2001  6.26225  3.62307 
2005  5.93375  3.02001 
2004  5.76827  3.34337 
2010  5.48118  3.45600 
2049  5.64595  3.23292 
2039  5.56036  3.21740 
2027  5.31847  2.95240 
2007  5.86888  3.37528 
2031  5.66275  3.38899 
2053  5.94433  3.72442 
2042  5.69826  3.11363 
2025  5.75590  3.82837 
2010  5.41308  3.43863 
2029  5.90321  3.29519 
1998  5.71981  3.23717 
2024  5.81944  3.76766 
2058  5.91211  3.12591 
2049  5.74106  3.62530 
2027  5.86549  3.00251 
2032  5.96008  3.01344 
2030  6.19619  3.33904 
2032  6.00182  3.24865 
2039  5.79254  3.45948 
2057  5.77148  3.33735 
2044  6.06180  3.53101 
2057  5.49614  2.78161 
2025  5.35561  2.83259 
2021  5.96377  3.90003 
2038  5.39450  2.92498 
2042  5.39617  3.38370 
2029  5.11741  2.04010 
2024  5.97625  3.15304 
2004  5.74800  2.99241 
2037  5.77453  3.15944 
2044  5.77707  3.82376 
2037  5.41031  2.86735 
2005  5.92544  3.67836 
2008  5.60521  3.15455 
2012  4.99470  2.57579 
2032  5.95942  3.26917 
2026  5.79794  2.64070 
2029  5.71820  3.06824 
2010  5.83520  3.23405 
2032  5.41662  2.47439 
2034  5.76377  2.69456 
2035  5.68187  3.51754 
2038  5.38192  2.91038 
2044  5.73118  3.58057 
2051  5.91233  3.69589 
2056  5.66123  2.84129 
2038  5.93258  3.32933 
2037  6.13925  3.08637 
2015  5.90511  3.38394 
2031  5.82384  3.08084 
2047  5.09704  2.81345 
2029  5.99417  2.90592 
2032  6.06976  3.00891 
2041  5.90085  3.34005 
2048  5.37242  3.31958 
2042  5.08512  2.87575 
2050  5.04060  2.66948 
2026  5.53391  2.86989 
2023  5.74478  3.09798 
2048  5.14527  3.20861 
2030  5.45311  2.46279 
2031  5.79569  3.46790 
2049  5.46440  3.16793 
2040  5.00993  2.69773 
2060  5.04297  2.68289 
2069  5.51858  3.24603 
2026  5.53468  3.33253 
2050  5.45379  3.43060 
2025  5.43249  3.12782 
2022  4.81893  1.94611 
2035  5.49251  3.04020 
2034  6.32455  3.42061 
2044  5.68139  2.93687 
2057  5.63339  2.88527 
2069  5.57735  3.04107 
2045  5.84735  3.08885 
2084  6.38649  3.87904 
2080  5.70619  3.12182 
2073  5.74446  2.56683 
2062  6.20395  2.90940 
2039  5.59851  2.29893 
2054  5.68047  3.01061 
2051  5.85811  3.37782 
2037  5.91233  3.00334 
2056  5.81065  2.91253 
2084  5.61151  3.05151 
2061  5.75243  3.04337 
2035  5.67112  3.10366 
2062  5.74698  3.42557 
2042  5.11789  2.87096 
2050  6.04682  3.48491 
2053  5.89757  3.17668 
2041  5.54336  2.94304 
2070  5.57045  2.67246 
2041  5.42099  2.82098 
2062  5.50153  2.65940 
2064  5.82806  3.04008 
2061  5.89220  2.72213 
2062  5.75197  2.69535 
2051  4.61940  2.34402 
2072  5.51459  2.75740 
2094  5.70110  2.96922 
2064  5.44781  3.08784 
2050  5.49864  2.66545 
2060  5.88970  3.31634 
2061  5.50430  3.06568 
2043  5.10091  3.25225 
2040  5.84458  3.14935 
2071  5.31305  2.84693 
2080  5.40650  2.88423 
2051  5.53824  2.95373 
2066  5.73566  2.95215 
2042  5.44477  3.01090 
2029  5.60203  2.95324 
2026  6.10393  3.05579 
2032  5.58047  3.23749 
1981  5.31983  3.07388 
1974  5.18631  2.32676 
1949  5.49198  2.98111 
1958  6.07194  3.50276 
1953  5.40720  3.09457 
1913  6.50633  3.49418 
1905  6.65931  3.45567 
1914  4.45545  1.48046 
2016  5.98797  4.79005 
2036  5.85005  4.94169 
2099  5.89813  5.08923 
2108  5.42692  4.65022 
2130  5.77456  4.87662 
2107  5.36566  4.75034 
2133  6.01063  5.21673 
2096  6.04412  4.77181 
2106  5.94461  5.21220 
2123  5.34838  4.60847 
2121  5.83198  4.80369 
2126  5.62320  4.69292 
2111  5.76437  4.97751 
2123  5.94552  5.00783 
2131  5.66480  4.57362 
2138  5.80469  4.78398 
2116  6.25534  5.36585 
2141  5.94927  4.92896 
2138  5.83611  4.75409 
2121  5.99811  4.73855 
2131  6.33147  5.22503 
2123  6.22209  4.79006 
2120  5.95031  4.84628 
2137  5.78873  4.62553 
2142  5.64718  5.06383 
2095  5.77869  4.64356 
2109  5.53387  4.27514 
2130  5.94568  4.54092 
2102  5.93802  4.94602 
2113  5.53841  4.85112 
2104  5.69267  4.88774 
2089  5.34297  4.34980 
2084  5.72761  4.90924 
2087  5.75949  4.74935 
2091  5.78341  4.53981 
2063  5.40856  4.36641 
2062  5.85797  4.46186 
2062  6.37130  4.92492 
2095  5.59871  4.63141 
2076  5.56405  4.49938 
2088  6.00778  4.39801 
2086  5.30881  4.52375 
2041  5.61424  4.59512 
2038  5.37860  4.26312 
2073  5.79569  4.91363 
2069  6.18848  5.08959 
2060  6.01895  4.70432 
2070  5.99418  4.32391 
2080  5.86220  4.55811 
2055  5.50198  4.64916 
2062  6.13752  5.02046 
2072  5.22103  4.33232 
2069  5.50222  4.52365 
2084  5.63864  4.80525 
2065  5.52003  4.35945 
2080  5.33006  4.71803 
2095  6.00775  4.62068 
2093  6.13925  4.75428 
2105  6.10749  4.89346 
2095  6.08616  4.09925 
2105  5.49847  4.30012 
2097  5.78483  4.25344 
2086  5.59490  4.09817 
2120  6.16277  4.84455 
2120  5.58174  4.12033 
2120  5.42347  4.51745 
2106  5.65166  4.70649 
2130  6.14825  4.56080 
2103  5.49729  4.51711 
2122  5.57904  4.31036 
2137  5.56405  4.18970 
2124  6.18709  4.94562 
2131  5.70436  4.54926 
2127  5.80085  4.38282 
2120  5.83000  4.14944 
2116  5.30646  4.06450 
2085  5.75371  4.87488 
2100  5.87402  4.66308 
2094  5.55654  4.28839 
2100  5.91211  4.31811 
2118  5.35387  4.60986 
2065  5.93752  4.67404 
2105  5.18244  4.35890 
2120  5.15492  4.48873 
2083  5.45217  4.72306 
2088  5.43821  4.31782 
2098  5.75327  4.43638 
2081  6.06100  4.84488 
2074  5.31096  4.47860 
2086  5.73338  5.14262 
2082  5.29509  4.24506 
2094  5.95319  4.92368 
2091  5.73381  4.47656 
2089  5.26044  4.57786 
2055  5.51034  4.40981 
2080  5.14828  4.89065 
2079  5.27176  4.58177 
2095  5.72055  4.39040 
2108  5.56693  3.92493 
2123  5.95229  4.54202 
2138  5.61956  4.48586 
2112  4.99519  4.06353 
2103  5.50930  4.23628 
2113  5.84416  4.77663 
2131  5.75518  4.61303 
2126  6.04145  4.83140 
2117  5.41533  4.43211 
2127  6.17666  5.43391 
2145  5.70999  4.94440 
2126  5.94295  4.67317 
2160  5.97899  4.81693 
2148  6.05750  5.12876 
2183  5.41003  4.26872 
2151  5.89552  4.56416 
2134  6.28746  5.01317 
2148  5.83440  4.69352 
2129  6.45844  5.31648 
2139  5.82607  4.67432 
2115  5.70169  4.77583 
2096  6.09361  4.80094 
2091  6.09281  4.86188 
2084  5.65249  4.98591 
2081  5.78240  4.87192 
2042  6.30491  4.95030 
2017  5.73079  4.87988 
2030  5.65879  4.67256 
1988  5.02067  3.98692 
1980  6.90351  5.34580 
2029  5.95982  4.82719 
2031  6.06180  4.91917 
2049  5.43967  5.10177 
2074  6.25540  4.94887 
2082  5.50246  5.22012 
2091  6.09793  4.97509 
2084  5.99937  5.17834 
2112  5.14972  4.22983 
2108  5.58610  4.85400 
2113  5.42743  4.80501 
2112  5.81937  4.86021 
2118  5.68406  4.62565 
2118  6.15283  4.93571 
2114  5.71081  4.69458 
2143  5.61561  5.03845 
2112  5.47588  4.99123 
2095  5.94433  4.46979 
2122  6.37024  5.26463 
2152  5.61961  4.87690 
2167  5.79153  4.77336 
2138  5.81297  5.28979 
2122  5.44496  4.58103 
2136  5.31600  4.34779 
2089  5.39358  4.31306 
2118  5.47208  4.75275 
2126  5.68305  4.65634 
2107  5.27980  4.38915 
2122  5.85217  4.92862 
2134  6.31727  4.84196 
2125  6.54517  5.26323 
2123  5.87252  4.82020 
2120  5.55431  4.64202 
2130  5.49338  4.38438 
2113  5.17179  4.65508 
2141  5.90328  5.11065 
2105  5.49012  4.77816 
2133  5.82885  4.93015 
2110  5.05704  4.56410 
2129  5.47761  4.25276 
2100  5.26118  4.29509 
2103  5.91294  4.97499 
2098  6.55050  5.05971 
2110  5.94324  4.60511 
2080  5.23899  4.12212 
2078  5.42008  4.70759 
2077  5.64428  4.62741 
2095  5.85196  4.56362 
2095  5.59278  4.52181 
2101  5.68436  4.38154 
2099  5.87816  4.80206 
2097  5.94241  4.43009 
2083  5.92830  4.96776 
2081  5.66247  4.71695 
2062  5.91894  4.37535 
2076  5.72142  4.75544 
2068  5.36747  4.17424 
2084  5.63652  4.68458 
2110  4.91311  4.36716 
2100  5.94801  4.61485 
2098  5.79791  4.19560 
2097  5.76100  4.33545 
2092  5.93785  4.60472 
2113  5.47761  4.58810 
2107  5.49338  4.53852 
2104  5.57751  4.08534 
2157  6.10789  4.66206 
2137  5.37899  4.08217 
2141  6.22110  4.81506 
2110  5.42143  4.69728 
2122  5.46213  4.56596 
2112  4.80723  3.80550 
2136  5.78536  4.38892 
2143  5.54890  4.59183 
2139  5.34260  4.66495 
2124  6.04574  4.62769 
2127  6.09384  4.92460 
2144  5.11678  4.58252 
2147  5.31879  4.45688 
2146  6.31169  5.09130 
2140  5.76299  4.68003 
2115  5.33607  4.56109 
2128  5.85070  4.79176 
2119  5.41229  4.28693 
2116  5.45136  4.59094 
2126  5.65028  4.32719 
2136  5.75436  4.84050 
2128  5.80382  4.59570 
2105  5.36155  4.19026 
2116  5.65138  4.44319 
2119  5.16789  4.05453 
2127  5.83456  4.70431 
2125  5.63537  4.49174 
2113  4.72841  4.30982 
2094  6.18946  4.82471 
2086  5.56564  4.52771 
2112  5.17188  4.36930 
2096  5.44957  4.26792 
2097  5.43931  4.47671 
2131  5.82687  4.69327 
2129  5.38292  3.84619 
2106  5.38768  4.79653 
2095  5.56389  4.33976 
2116  5.44711  4.99075 
2115  5.58727  4.75187 
2113  5.16136  3.96803 
2097  6.09299  4.59496 
2128  5.94550  4.97254 
2121  5.47974  4.33401 
2128  5.58415  4.70928 
2140  5.29911  4.47253 
2141  5.62789  4.68780 
2126  5.01787  4.36888 
2106  5.56378  4.96102 
2141  4.89660  4.65985 
2150  5.99884  4.76450 
2144  6.43100  5.01853 
2134  6.44972  4.78278 
2136  6.48619  4.89757 
2121  6.00652  4.91798 
2131  6.20924  4.66677 
2121  6.22252  4.95636 
2096  6.28045  4.87437 
2098  5.94737  4.78687 
2056  6.15017  5.42139 
2057  5.67090  5.03370 
2029  5.77848  4.77362 
1988  5.26462  4.26937 
2000  6.90989  5.34025 
2044  6.04103  5.68022 
2051  5.24129  5.08758 
2042  5.97187  5.51841 
2074  6.76360  6.09988 
2098  6.61049  5.77934 
2076  5.84147  5.30951 
2105  5.59446  5.27591 
2103  5.91729  5.97813 
2113  5.52029  5.53425 
2119  5.93189  5.46704 
2091  5.38235  5.44254 
2099  5.74960  5.58270 
2101  5.54489  5.63750 
2108  5.55431  5.41753 
2113  5.79710  5.43667 
2118  5.67786  5.69423 
2105  5.71188  5.71996 
2121  5.76100  5.43329 
2107  5.83588  5.76136 
2100  6.24594  5.90486 
2113  5.46142  5.41617 
2109  5.37670  5.59386 
2106  5.55460  5.70739 
2119  5.63716  5.26973 
2131  6.19174  5.49703 
2122  6.24976  5.67176 
2124  6.39602  5.77817 
2115  6.30587  5.97749 
2121  6.31451  5.79832 
2151  5.94907  5.62032 
2129  5.73392  5.49893 
2100  5.64204  5.29291 
2119  5.67581  5.51981 
2148  5.72018  5.46778 
2132  6.57098  5.86670 
2103  6.02123  5.52393 
2106  5.94008  5.81104 
2097  5.72783  5.56050 
2118  6.07327  5.84522 
2122  5.91569  5.36196 
2113  5.84558  5.30873 
2106  5.53587  5.12093 
2115  5.81397  5.39660 
2133  5.83691  5.43328 
2125  6.63980  5.80174 
2107  5.79983  5.58243 
2114  5.31361  5.41884 
2114  5.59760  5.52466 
2136  5.88347  5.45584 
2118  5.68632  5.41180 
2134  5.96407  5.54108 
2151  5.95982  5.42657 
2123  6.20411  5.32663 
2114  5.98866  5.89345 
2137  6.08942  5.87359 
2102  5.91709  5.92346 
2115  5.47023  5.57339 
2152  5.97884  5.93114 
2157  5.98818  5.43178 
2110  5.39456  5.13064 
2126  6.34250  5.66331 
2138  6.52184  5.84290 
2122  5.80751  5.36378 
2123  6.29953  5.52588 
2103  5.55273  5.41264 
2124  6.20179  5.56189 
2137  5.69858  5.40800 
2140  5.61498  5.16794 
2141  5.82044  5.39055 
2141  5.79425  5.45204 
2143  5.16573  5.26329 
2120  5.61179  5.39508 
2130  6.01090  5.64655 
2111  6.36594  5.82027 
2127  5.95514  5.19536 
2099  5.86375  5.16461 
2119  5.80644  5.33043 
2131  5.93794  5.42242 
2149  5.96969  5.58283 
2129  5.72949  5.06602 
2118  5.54567  5.32531 
2134  6.23660  6.02428 
2139  5.96092  5.85298 
2130  5.85781  5.33384 
2145  5.58397  5.61834 
2136  5.95791  5.35785 
2142  5.93059  5.48092 
2135  6.11260  5.41028 
2114  5.93895  5.64551 
2137  5.84558  5.70566 
2128  5.52413  5.34005 
2128  5.82225  5.23161 
2146  5.87080  5.50777 
2144  5.70484  5.73792 
2145  5.68532  5.60506 
2127  6.61726  5.83288 
2147  5.75787  5.59348 
2147  5.34082  5.16328 
2150  5.65555  5.83017 
2156  5.92150  5.41804 
2143  5.94664  5.38007 
2158  6.08010  5.50452 
2151  3.83199  4.60689 
2138  5.71724  5.36833 
2138  6.23690  5.94621 
2144  5.84477  5.47834 
2136  5.98116  5.73236 
2158  5.74888  5.41227 
2135  5.62756  5.23976 
2145  5.84644  5.51018 
2151  6.02920  5.59058 
2129  5.84408  5.46792 
2144  5.56735  5.51369 
2146  5.49991  5.41720 
2159  6.23427  5.61780 
2152  5.69947  5.35547 
2162  6.01452  5.40490 
2173  5.76703  5.29049 
2139  5.89248  5.52627 
2134  6.14513  5.50558 
2149  6.16985  5.98862 
2154  6.16540  5.26897 
2149  6.42385  5.84911 
2133  5.74120  5.62502 
2148  5.81944  5.45408 
2129  6.42265  5.83812 
2091  6.50408  5.33048 
2015  4.43263  4.55048 
2024  5.86482  3.78081 
2016  6.25389  4.11817 
2027  6.26034  3.97133 
2007  6.15620  4.15501 
2042  5.98222  4.22034 
2034  5.99852  3.82915 
2019  5.40476  3.96309 
2025  5.58820  3.87162 
2015  5.08381  3.99739 
2031  5.66572  3.39047 
2029  5.30569  3.57374 
2004  5.81983  3.64752 
2012  6.04268  4.08889 
2023  5.55323  3.91153 
2008  5.35935  3.40700 
2026  5.82337  3.87883 
2022  5.33075  3.26066 
2040  5.39299  3.57727 
2029  6.11616  3.90359 
2026  5.64729  3.51892 
2062  5.66966  3.74166 
2055  5.71242  3.99378 
2046  5.22267  3.18932 
2046  5.15826  4.03742 
2053  4.99842  3.40660 
2056  5.71738  3.95927 
2006  5.28444  3.19646 
2018  5.83999  4.13093 
2058  6.09455  3.68969 
2048  5.29308  3.53460 
2041  5.52133  3.25540 
2049  4.93856  2.97284 
2054  5.30571  3.71094 
2009  5.45432  3.64143 
2026  5.56042  3.51820 
2039  5.27687  3.05128 
2017  5.54559  3.43395 
2033  5.84861  3.54912 
2036  5.25703  2.92259 
2022  5.33649  2.67176 
2017  5.54154  3.23544 
2016  5.64580  3.46080 
2000  5.12841  2.60870 
2016  5.10753  2.85124 
2035  5.33998  3.22498 
2021  4.98709  2.95316 
2004  5.64873  3.22047 
2034  6.13460  3.52782 
2005  6.19382  4.13718 
2017  5.13588  2.95316 
1991  5.44003  3.05763 
2002  5.74214  3.34019 
2019  6.12076  3.90115 
2014  4.98068  2.68575 
2020  5.76915  3.50758 
2016  5.91707  3.58446 
2005  5.93551  3.32879 
2029  5.60071  3.43502 
2032  5.65036  3.50197 
2020  5.71242  3.46227 
2009  6.00941  3.80171 
2017  3.00531  1.73115 
1991  5.48883  3.48427 
2033  5.86581  2.93135 
2034  6.03651  3.20649 
1997  5.68685  3.11121 
2022  5.76687  3.15953 
2031  5.69640  3.24897 
2013  6.05398  3.64349 
2024  5.98457  3.09406 
2007  5.43689  3.09290 
2034  5.80110  3.01654 
2029  5.82196  3.65276 
2027  5.68969  3.39880 
2049  5.86593  3.74415 
2020  5.47527  3.05274 
2044  5.44687  3.31736 
2056  5.71208  3.51657 
2037  5.52363  3.01867 
2047  5.36331  3.41100 
2032  5.58255  3.24697 
2030  5.86080  3.39348 
2040  5.31839  3.36765 
2020  5.44361  3.58571 
2024  5.43340  2.48900 
2025  6.10268  3.63802 
2004  5.95080  3.15916 
2013  4.93483  2.41055 
2018  5.27399  3.28228 
2030  5.35393  2.13226 
2028  5.61202  3.11019 
2007  6.11085  3.34589 
2001  6.25526  3.39574 
2024  5.72772  2.96955 
2008  5.38390  3.04776 
2037  5.65288  2.93591 
2048  5.77428  3.90152 
2002  5.80237  3.19858 
2012  5.49864  3.02159 
2012  5.77311  3.72174 
2032  5.49463  2.87511 
2028  5.80717  3.30676 
2036  5.86988  2.81493 
2031  5.64204  2.64976 
2029  5.52408  3.05333 
2050 10.66180  8.17016 
2047  2.76336  0.92563 
2022  2.71914  2.11408 
2014 10.95578  8.48820 
1994  7.55569  5.29446 
2004  5.44814  3.37122 
2024  5.20357  3.19335 
2025  5.85803  3.26221 
2041  5.53003  3.17266 
2020  5.22557  3.19764 
2012  5.19765  2.97021 
2020  5.45662  3.17927 
2046  5.05289  3.31931 
2009  5.33456  3.16744 
2009  5.50096  3.48641 
2015  4.97671  2.96210 
1990  5.30971  3.29943 
1965  5.82291  3.17876 
1962  5.72313  3.40725 
1956  5.29426  3.44446 
1943  5.60991  3.52035 
1918  5.01952  2.93605 
1917  6.57826  4.97830 
2001  6.23087  5.73900 
2042  5.71299  4.96227 
2050  5.64501  5.16368 
2019  5.45648  5.05947 
2028  5.90077  5.19411 
2055  5.33304  5.35516 
2047  5.08477  5.11653 
2066  6.14606  5.33831 
2068  5.69304  5.22607 
2044  6.04988  5.69626 
2043  5.80775  5.46822 
2050  6.03143  5.46602 
2032  6.15084  5.61767 
2043  5.49558  5.07320 
2037  5.46267  5.44500 
2041  6.00635  5.68173 
2047  5.48039  4.95449 
2018  5.51380  5.36948 
2047  5.36218  5.02069 
2043  5.47855  5.08593 
2023  5.88843  5.33981 
2060  6.41408  5.90331 
2054  5.49619  4.99540 
2068  5.56438  4.82395 
2040  5.55595  4.91722 
2019  5.97385  5.31771 
2011  6.16264  5.23755 
2022  5.83377  5.40139 
2030  6.29122  5.82871 
2037  5.84958  4.83339 
2020  5.74504  5.12215 
2036  6.47681  5.74773 
2017  6.10267  5.46438 
2024  6.76742  6.21665 
2048  6.19356  5.64726 
2034  5.94008  5.44385 
2034  5.88033  5.10110 
2032  6.02342  5.26695 
2024  5.93485  5.32932 
2052  5.96115  5.01357 
2047  6.06138  5.07554 
2051  6.26733  5.49398 
2050  5.66550  5.15511 
2043  5.51759  5.03233 
2039  5.77495  5.40888 
2035  5.61552  4.92435 
2046  5.80342  5.12505 
2044  5.95668  4.98585 
2050  5.82813  5.11598 
2035  6.00275  5.36198 
2046  5.89655  5.26050 
2029  5.65685  4.84794 
2048  5.67831  4.88218 
2041  5.84430  5.30091 
2037  5.57048  4.77091 
2028  5.83347  5.14935 
2026  5.37061  4.72470 
2039  5.60204  4.93753 
2038  5.58333  4.75041 
2036  5.54999  4.94754 
2055  5.50549  4.87418 
2052  5.33669  4.72091 
2071  5.80164  5.09279 
2042  5.22103  4.60253 
2040  5.33201  4.66231 
2056  5.55959  4.83405 
2024  5.11058  4.67786 
2031  5.28577  4.75958 
2022  5.91747  5.28149 
2058  5.64873  4.86747 
2039  5.79118  5.08759 
2070  6.29076  5.29048 
2042  5.42272  4.83001 
2079  5.51215  5.23489 
2057  5.75880  5.09268 
2053  5.32828  5.04140 
2033  5.36897  4.88195 
2047  5.93520  5.33288 
2062  6.18127  5.26154 
2066  5.81636  5.01963 
2070  5.69044  4.80100 
2061  5.74318  4.90876 
2053  5.49345  4.92852 
2067  5.91885  4.97707 
2062  5.48052  4.73588 
2050  5.12634  4.83132 
2068  5.37494  4.77661 
2052  6.19724  5.16871 
2051  5.71863  5.24330 
2063  5.83943  5.08150 
2061  5.21469  4.60565 
2057  5.58133  5.21131 
2050  5.35119  4.70537 
2063  5.81137  4.71835 
2078  5.49836  4.83612 
2072  6.15820  5.28399 
2084  5.60776  4.88780 
2080  5.28420  4.62342 
2059  5.79751  5.28886 
2057  5.55497  4.79448 
2059  5.99547  4.85006 
2070  5.63667  5.03575 
2044  5.27995  4.73535 
2056  5.46419  4.44148 
2051  5.52070  4.92863 
2054  5.46791  4.83313 
2067  5.43295  4.74192 
2081  5.29983  4.94446 
2084  5.44134  4.83096 
2045  5.40171  4.49037 
2048  5.54112  4.89034 
2041  5.56949  4.99618 
2021  5.75892  5.13567 
2037  5.50276  5.05544 
2011  5.17995  4.77061 
2027  5.36990  4.92339 
2029  5.47000  4.79958 
2016  5.17188  4.88942 
2018  5.61365  4.81149 
1990  5.28999  4.61043 
1969  5.47639  4.81969 
1977  5.37854  4.69757 
1961  5.29107  4.61896 
1942  5.55065  4.80493 
1927  5.81958  4.84090 
1900  6.94161  5.29757 
1876  3.22012  3.30421 
1943  6.22471  4.98706 
2010  6.34909  3.60931 
2067  5.92128  3.14679 
2094  5.87658  2.99927 
2083  5.52605  2.72422 
2090  5.69044  3.02809 
2103  5.64978  3.23408 
2090  5.41760  3.21547 
2112  5.43023  2.86842 
2127  5.50682  2.92069 
2094  5.56684  2.53426 
2100  5.84289  2.62831 
2121  5.93944  3.50324 
2112  5.11679  1.98975 
2132  6.37219  2.84125 
2110  5.00505  2.03501 
2102  5.57860  2.83798 
2125  5.89717  3.23001 
2118  5.71706  2.20884 
2094  6.44362  3.43184 
3047  4.70078  3.47812 
3068  2.75917  2.76802 
3065  2.27979  3.13110 
2945  2.26839  1.46616 
2079  5.73552  2.92307 
2096  5.96017  3.05177 
2094  5.87584  2.71539 
2058  6.39171  3.85374 
2079  5.45042  3.39097 
2091  5.86032  3.28466 
2072  5.80026  3.11517 
2072  5.90062  2.52160 
2039  5.63763  2.99241 
2069  5.95175  2.99121 
2068  5.94295  3.02979 
2074  5.79208  2.76595 
2081  5.47135  2.79494 
2066  5.83149  2.80913 
2062  5.93235  2.80050 
2077  5.58800  2.68593 
2071  5.89314  2.81008 
2067  6.01925  3.56173 
2080  5.88097  2.93358 
2064  5.81299  2.46663 
2059  6.13827  2.95734 
2081  5.28957  2.61252 
2073  5.46548  2.49774 
2093  6.09520  2.72541 
2095  6.02428  2.49296 
2105  5.96428  3.09166 
2100  5.83803  2.35722 
2098  5.70613  2.92993 
2094  5.91057  3.41583 
2124  6.29734  2.97589 
2093  5.54931  1.91262 
2091  6.01549  2.95803 
2113  5.69243  2.44052 
2115  5.87424  2.77686 
2128  6.20416  2.45247 
2137  5.60859  2.08635 
2118  6.20406  3.31834 
2125  5.76172  2.43614 
2132  5.74104  3.23198 
2128  6.35569  2.87068 
2117  5.74696  2.96389 
2116  5.76645  2.78233 
2093  5.74160  2.60803 
2111  5.74696  3.18841 
2082  5.61856  2.67764 
2107  5.40447  2.53034 
2105  5.41478  2.21979 
2081  5.11646  2.31315 
2088  5.92820  2.84132 
2101  5.63166  1.95438 
2102  6.06666  3.38839 
2091  5.83953  2.76391 
2058  5.73470  2.43030 
2090  5.92243  2.64781 
2073  5.84568  3.34518 
2092  5.84558  2.83197 
2111  5.51449  2.36833 
2079  5.41260  2.07143 
2065  6.17795  3.28135 
2071  6.05103  2.96973 
2100  5.67112  2.68271 
2084  5.74539  3.19311 
2080  5.75529  3.06535 
2098  5.62298  2.02111 
2088  5.72156  2.69802 
2095  5.79308  2.65386 
2106  5.67262  2.60783 
2077  5.22899  2.56282 
2092  5.88250  2.84986 
2098  5.77360  2.34044 
2115  5.27214  2.73201 
2124  5.80382  3.00429 
2146  5.15067  1.87085 
2133  5.69482  3.14767 
2129  5.51093  2.08500 
2135  5.87939  2.85392 
2134  5.87761  2.73665 
2149  6.30030  3.34084 
2151  5.94228  3.10875 
2172  5.23123  2.92315 
2175  5.61743  2.85843 
2186  5.72034  2.81046 
2165  6.10286  3.07631 
2146  5.74427  3.00075 
2128  6.30287  3.08512 
2156  5.95133  2.27515 
2152  5.73288  2.68419 
2146  5.52611  3.32767 
2145  5.52147  2.84979 
2149  5.72236  2.90035 
2132  6.04741  2.98171 
2144  5.79308  2.82407 
2132  6.08799  2.84373 
2099  5.70684  2.51372 
2125  5.92944  3.52570 
2114  4.99402  2.80213 
2110  5.48476  3.08123 
2075  4.99280  2.60253 
2071  5.94241  3.17786 
2057  5.84631  3.52063 
2028  5.71606  2.83882 
1992  5.23692  2.73780 
1997  6.24671  3.10521 
1951  2.47687  1.96829 
1904  2.29157  1.19214 
 295.9296875  1.13203  2.16709 
 293.4119873  1.15007  2.18627 
 298.4119873 13.38983 13.25937 
 293.4421997  1.03721  2.09536 
 296.2412109 15.38981 15.14663 
 288.5578003  1.23004  2.07559 
 294.4672852  1.09024  2.08918 
 299.7185974 18.15957 17.96230 
 296.4924927 17.69873 17.88982 
 287.1456909 19.87837 20.12972 
 289.9346924  1.18226  2.09918 
 299.2059937  1.06698  2.16318 
 293.6281128  1.21234  2.27190 
 296.2312012 20.85091 20.71989 
 298.8743896 17.60822 17.25843 
 297.8894043  1.20628  2.11889 
 296.7538147  1.18393  1.98728 
 291.7738953  1.06527  2.12352 
 300.3970032 21.08950 20.89826 
 294.7185974 20.99740 20.71085 
 296.4421997 21.74696 21.51807 
 299.2763977 21.33483 21.24888 
 289.1908875 21.96511 21.64172 
 298.1306152  1.13555  2.09969 
 297.3316956 17.20861 17.23276 
 294.5126038 20.03511 19.71103 
 294.0100098 16.57266 16.43618 
 293.7789001  1.07571  2.11102 
 293.1607971  1.05109  2.06568 
 301.5476990 20.14412 19.74315 
 289.2713928  1.08286  2.08790 
 300.0250854 19.82383 19.50286 
 292.7337036 25.57646 25.13630 
 291.0603027 14.89668 14.66744 
 291.5628052 20.74516 20.55560 
 299.8140869  1.16291  2.09131 
 297.2461853 18.24497 17.85500 
 301.0703125  1.16915  2.12309 
 296.7034912  1.19779  2.23482 
 297.1004944 18.89072 18.81383 
 294.8291016 22.48832 22.08982 
 297.5275879 17.70211 17.57361 
 302.1004944 22.09823 21.86089 
 296.0050049 17.12737 17.03009 
 294.6080017  1.13072  2.05894 
 299.6181030 23.54713 23.20127 
 304.7085876  1.07996  2.10721 
 298.7940063 21.87017 21.45419 
 291.7034912  1.03823  2.06739 
 295.9094849 23.92307 23.67098 
 296.9296875 20.17163 19.69289 
 298.5176086  1.11339  2.07527 
 298.5628052  1.19666  2.15797 
 294.5126038 17.41191 17.19228 
 294.2612915 15.46960 15.13897 
 295.2362061  1.16027  2.09581 
 295.0250854 16.31395 15.88820 
 305.8743896 17.70740 17.35648 
 295.2009888  1.12745  2.18846 
 302.0351868 18.16006 18.08313 
 296.6130981  1.11004  2.15541 
 298.3568115  1.08593  2.22475 
 292.7940063  1.12655  2.15377 
 289.1759033  1.09555  2.19095 
 289.1759033  1.09555  2.19095 
 289.1759033  1.09555  2.19095 
 289.1759033  1.09555  2.19095 
 289.1759033  1.09555  2.19095 
 289.1759033  1.09555  2.19095 
 289.1759033  1.09555  2.19095 
 289.1759033  1.09555  2.19095 
 289.1759033  1.09555  2.19095 
